2.000000000000000000e+01 7.824324324324325453e-01 8.917477967743855927e-02
4.000000000000000000e+01 7.854604604604603635e-01 6.122243358902641763e-02
6.000000000000000000e+01 7.854187520854187810e-01 4.983388979348841313e-02
8.000000000000000000e+01 7.866366366366366325e-01 4.141484381701186768e-02
1.000000000000000000e+02 7.861761761761763001e-01 3.960759718472885854e-02
1.200000000000000000e+02 7.840256923590258609e-01 3.550455405107343781e-02
1.400000000000000000e+02 7.837694837694838546e-01 3.406377918516887565e-02
1.600000000000000000e+02 7.830205205205205132e-01 3.319864800799707943e-02
1.800000000000000000e+02 7.763652541430320353e-01 3.335159632948980768e-02
2.000000000000000000e+02 7.728878878878878700e-01 3.648732339061958735e-02
2.200000000000000000e+02 7.678997178997180040e-01 3.823018879894800326e-02
2.400000000000000000e+02 7.595178511845178670e-01 3.975102189960159210e-02
2.600000000000000000e+02 7.489797489797490604e-01 4.341183386632905400e-02
2.800000000000000000e+02 7.343522093522093508e-01 4.564490224716631628e-02
3.000000000000000000e+02 7.182649315982648774e-01 4.853513488735045761e-02
3.200000000000000000e+02 6.974130380380380023e-01 5.099773136531627477e-02
