2.000000000000000000e+00 7.211493987049027998e-01 1.110223024625156540e-16
3.000000000000000000e+00 7.211493987049027998e-01 1.110223024625156540e-16
4.000000000000000000e+00 8.016304347826088694e-01 1.110223024625156540e-16
5.000000000000000000e+00 8.043478260869566521e-01 1.110223024625156540e-16
6.000000000000000000e+00 8.043478260869566521e-01 1.110223024625156540e-16
7.000000000000000000e+00 8.043478260869566521e-01 1.110223024625156540e-16
8.000000000000000000e+00 8.043478260869566521e-01 1.110223024625156540e-16
1.000000000000000000e+01 8.043478260869566521e-01 1.110223024625156540e-16
1.500000000000000000e+01 8.043478260869566521e-01 1.110223024625156540e-16
2.000000000000000000e+01 8.286308973172989978e-01 2.220446049250313081e-16
3.000000000000000000e+01 8.606614246068456930e-01 1.110223024625156540e-16
4.000000000000000000e+01 8.606036077705826459e-01 1.110223024625156540e-16
5.000000000000000000e+01 8.463986092060352684e-01 1.188690516949383316e-03
6.000000000000000000e+01 8.479815943092284813e-01 1.834189288334558444e-03
7.000000000000000000e+01 8.459400618839517660e-01 1.322652705599445524e-03
8.000000000000000000e+01 8.467654470637020481e-01 9.170946441672649108e-04
9.000000000000000000e+01 8.417553191489364206e-01 2.220446049250313081e-16
1.000000000000000000e+02 8.363783533765032363e-01 0.000000000000000000e+00
1.200000000000000000e+02 8.276659542569144712e-01 1.188690516949333876e-03
1.500000000000000000e+02 8.356686018692779383e-01 1.230411579695391564e-03
1.800000000000000000e+02 8.343547641073081333e-01 1.773605767120109335e-03
2.000000000000000000e+02 8.346259051325400913e-01 2.339487733759672717e-03
2.500000000000000000e+02 8.382703595011004039e-01 1.577829285957935059e-03
