9.800000000000000000e+01
1.000000000000000000e+02
1.010000000000000000e+02
1.020000000000000000e+02
9.300000000000000000e+01
9.900000000000000000e+01
9.800000000000000000e+01
0.000000000000000000e+00
9.500000000000000000e+01
9.800000000000000000e+01
1.030000000000000000e+02
9.800000000000000000e+01
9.600000000000000000e+01
9.400000000000000000e+01
9.900000000000000000e+01
9.800000000000000000e+01
9.900000000000000000e+01
9.600000000000000000e+01
9.800000000000000000e+01
9.600000000000000000e+01
9.600000000000000000e+01
9.800000000000000000e+01
9.300000000000000000e+01
9.100000000000000000e+01
1.000000000000000000e+02
1.010000000000000000e+02
1.010000000000000000e+02
9.300000000000000000e+01
9.700000000000000000e+01
8.600000000000000000e+01
9.200000000000000000e+01
9.400000000000000000e+01
9.300000000000000000e+01
9.500000000000000000e+01
1.000000000000000000e+02
9.600000000000000000e+01
9.400000000000000000e+01
9.800000000000000000e+01
9.800000000000000000e+01
9.200000000000000000e+01
1.000000000000000000e+02
9.500000000000000000e+01
9.400000000000000000e+01
1.000000000000000000e+02
9.500000000000000000e+01
1.010000000000000000e+02
9.900000000000000000e+01
9.500000000000000000e+01
9.800000000000000000e+01
1.020000000000000000e+02
9.600000000000000000e+01
9.900000000000000000e+01
9.300000000000000000e+01
9.600000000000000000e+01
9.500000000000000000e+01
9.700000000000000000e+01
9.900000000000000000e+01
9.400000000000000000e+01
1.020000000000000000e+02
9.700000000000000000e+01
9.700000000000000000e+01
9.700000000000000000e+01
9.900000000000000000e+01
9.700000000000000000e+01
9.500000000000000000e+01
9.300000000000000000e+01
9.200000000000000000e+01
9.700000000000000000e+01
9.100000000000000000e+01
9.100000000000000000e+01
9.100000000000000000e+01
9.400000000000000000e+01
9.600000000000000000e+01
1.020000000000000000e+02
9.400000000000000000e+01
9.800000000000000000e+01
9.100000000000000000e+01
9.500000000000000000e+01
9.700000000000000000e+01
9.100000000000000000e+01
9.300000000000000000e+01
9.600000000000000000e+01
9.700000000000000000e+01
1.020000000000000000e+02
9.200000000000000000e+01
1.000000000000000000e+02
9.500000000000000000e+01
9.500000000000000000e+01
9.700000000000000000e+01
9.100000000000000000e+01
9.500000000000000000e+01
9.600000000000000000e+01
9.500000000000000000e+01
9.600000000000000000e+01
9.800000000000000000e+01
9.200000000000000000e+01
9.900000000000000000e+01
9.500000000000000000e+01
9.700000000000000000e+01
9.500000000000000000e+01
9.600000000000000000e+01
1.030000000000000000e+02
9.700000000000000000e+01
9.700000000000000000e+01
