2.000000000000000000e+00 7.213368050017545663e-01 9.916609111936085241e-04
3.000000000000000000e+00 7.230972279817537984e-01 3.520271289566267829e-03
4.000000000000000000e+00 7.320329197103575547e-01 7.292190814854537621e-03
5.000000000000000000e+00 7.488596127468180041e-01 7.822051966454017513e-03
6.000000000000000000e+00 7.596135442916839287e-01 8.238063478372508602e-03
7.000000000000000000e+00 7.678374908290536149e-01 8.766025226985506985e-03
8.000000000000000000e+00 7.743927238508407918e-01 7.272083149925294768e-03
1.000000000000000000e+01 7.780910076876456083e-01 1.104840283003414268e-02
1.500000000000000000e+01 7.902664359309706787e-01 9.991382767751627939e-03
2.000000000000000000e+01 7.964428689910365566e-01 1.115562640468672172e-02
3.000000000000000000e+01 7.970070815656000729e-01 1.059848494759260337e-02
4.000000000000000000e+01 7.967319531723500159e-01 9.918194228614771180e-03
5.000000000000000000e+01 7.935061724456921040e-01 9.803187752792671614e-03
6.000000000000000000e+01 7.997404223420204739e-01 1.030395727811375672e-02
7.000000000000000000e+01 7.941601008006635709e-01 1.072925421489952409e-02
8.000000000000000000e+01 7.930516124916262566e-01 1.112280793451436364e-02
9.000000000000000000e+01 7.992380139717376597e-01 1.202085354405987155e-02
1.000000000000000000e+02 7.951689049092475203e-01 1.029915199763453172e-02
1.200000000000000000e+02 7.945847554945930646e-01 9.307138785253356653e-03
1.500000000000000000e+02 7.924654693929630289e-01 1.127365039813748963e-02
1.800000000000000000e+02 7.941341829085456494e-01 1.073298041084630103e-02
2.000000000000000000e+02 7.924854062330537463e-01 1.069548499807168422e-02
2.500000000000000000e+02 7.960959679734599392e-01 1.036721244007110694e-02
