2.000000000000000000e+00 6.254047178538389984e-01 3.035688637337500759e-02
3.000000000000000000e+00 7.154374940189479615e-01 2.620569974905420305e-02
4.000000000000000000e+00 6.883513030718684256e-01 2.512966070393481133e-02
5.000000000000000000e+00 7.373042202303103920e-01 1.627376003908678759e-02
6.000000000000000000e+00 7.253760088041085741e-01 2.324172515517627935e-02
7.000000000000000000e+00 7.562023509521833553e-01 1.793131367792091119e-02
8.000000000000000000e+00 7.362435803374910437e-01 2.167012178862210564e-02
1.000000000000000000e+01 7.545834795368274728e-01 1.981604145783652168e-02
1.500000000000000000e+01 7.718607451593354485e-01 1.530303976449593449e-02
2.000000000000000000e+01 7.841597818112219231e-01 1.358241329282782774e-02
3.000000000000000000e+01 7.877603751315831460e-01 1.181365059296837945e-02
4.000000000000000000e+01 7.956493827554308451e-01 1.070844781482608449e-02
5.000000000000000000e+01 7.967658458005040245e-01 9.281118775985326003e-03
6.000000000000000000e+01 7.993237423841271783e-01 9.862887583287073892e-03
7.000000000000000000e+01 7.975892372962456456e-01 1.085526432794192177e-02
8.000000000000000000e+01 7.969632205174006501e-01 8.756253358755700794e-03
9.000000000000000000e+01 7.963790711027463054e-01 9.728987990415261661e-03
1.000000000000000000e+02 8.003604580688377101e-01 1.042847910306537139e-02
1.200000000000000000e+02 8.030020893808414995e-01 8.477556543313478216e-03
1.500000000000000000e+02 8.010203674758364922e-01 7.027156667117551853e-03
1.800000000000000000e+02 7.992599444958372601e-01 6.614094100585553825e-03
2.000000000000000000e+02 7.997224791859389725e-01 6.003051081705005308e-03
2.500000000000000000e+02 8.007013780343869014e-01 5.784153891769444090e-03
