2.000000000000000000e+00 8.447039777983348374e-01 0.000000000000000000e+00
3.000000000000000000e+00 8.363783533765032363e-01 0.000000000000000000e+00
4.000000000000000000e+00 8.444871646623496320e-01 1.901099428988174689e-03
5.000000000000000000e+00 8.417697733580018493e-01 5.362706360490417101e-03
6.000000000000000000e+00 8.451809666975022006e-01 3.975170288176034343e-03
7.000000000000000000e+00 8.425358464384828938e-01 3.933563685571538938e-03
8.000000000000000000e+00 8.539980342275670377e-01 6.153946348396858654e-03
1.000000000000000000e+01 8.371444264569841698e-01 3.858028500482085354e-03
1.500000000000000000e+01 8.022953283996300256e-01 5.174929834518471675e-03
2.000000000000000000e+01 8.075855689176688612e-01 2.214090441589564116e-03
3.000000000000000000e+01 8.142778677150787070e-01 2.914844558995391844e-03
4.000000000000000000e+01 8.109100370027753080e-01 4.076086956521757232e-03
5.000000000000000000e+01 8.109678538390379110e-01 6.169695795039022677e-03
6.000000000000000000e+01 8.088719935245144432e-01 4.762502866253496073e-03
7.000000000000000000e+01 8.095802497687325516e-01 1.901154376440503287e-03
8.000000000000000000e+01 8.116182932469935274e-01 7.712360167064637000e-03
9.000000000000000000e+01 8.129769888991674742e-01 3.985038808349316078e-03
1.000000000000000000e+02 8.149572155411656249e-01 1.942034739947790141e-03
1.200000000000000000e+02 8.149427613320998631e-01 4.196278702994773839e-03
1.500000000000000000e+02 8.089009019426457447e-01 2.928288627706927046e-03
1.800000000000000000e+02 8.122831868640147945e-01 3.292864249406095550e-03
2.000000000000000000e+02 8.082938251618871917e-01 6.767703950506805989e-03
2.500000000000000000e+02 8.116327474560591781e-01 1.168558217588294267e-03
